{
  "dim_names": [
    "0_baseline",
    "10_animacy",
    "11_formality",
    "12_expertise",
    "13_helpfulness",
    "14_biological",
    "15_shapes",
    "16_mind",
    "17_attention",
    "18_sysprompt_labeled",
    "1_phenomenology",
    "2_emotions",
    "3_agency",
    "4_intentions",
    "5_prediction",
    "6_cognitive",
    "7_social",
    "8_embodiment",
    "9_roles"
  ],
  "correlation_matrix": [
    [
      1.0,
      -0.03119719638967405,
      -0.1028723043182324,
      -0.1893231557156816,
      0.061343421860480085,
      -0.1242502609540108,
      -0.10325239663321846,
      -0.1843439825097743,
      -0.23989984202862508,
      0.0009433771603424103,
      -0.18609828708556392,
      -0.14145272237119982,
      -0.19964173537675994,
      -0.20179271480701366,
      -0.19834862239068204,
      -0.15396001221570743,
      -0.02798825440977315,
      -0.1453803966414073,
      -0.06751695517399106
    ],
    [
      -0.03119719638967405,
      1.0,
      -0.20568191995453228,
      -0.038887355542494444,
      -0.03919031815716973,
      0.4840019628417318,
      -0.07381847623929033,
      -0.11924338270438153,
      -0.22270471295364289,
      -0.05766675242220675,
      -0.14359233204854072,
      0.0575735700566698,
      -0.1409753153378069,
      -0.21003508324471756,
      -0.23016275238305134,
      -0.23568747300254045,
      0.08578998938598212,
      -0.0075144418221630765,
      0.12272089435977043
    ],
    [
      -0.1028723043182324,
      -0.20568191995453228,
      0.9999999999999999,
      0.221359003942833,
      0.03023338723135913,
      -0.024551750277703375,
      0.01996464114547375,
      0.1304159895127877,
      0.4927229968293531,
      0.03309028317004555,
      0.3187029776351547,
      -0.07861240041092987,
      0.321797843624082,
      0.17773610887708716,
      0.29337560516350836,
      0.22707158021620236,
      -0.18811207102792327,
      0.18151500574807725,
      0.053685748925284334
    ],
    [
      -0.1893231557156816,
      -0.03888735554249444,
      0.221359003942833,
      1.0,
      -0.02873340106262789,
      0.2583132215937247,
      -0.1108611685403315,
      0.13175116217707417,
      0.2864634525924694,
      -0.13638696190502006,
      0.11792567277816145,
      0.054529031524613816,
      0.3328936814264678,
      0.17340604550986655,
      0.07242766808069649,
      0.4128326967681937,
      -0.09286423731674773,
      0.38670115331599325,
      -0.0994136797138849
    ],
    [
      0.06134342186048009,
      -0.03919031815716973,
      0.030233387231359134,
      -0.028733401062627888,
      0.9999999999999998,
      0.30629677551475587,
      0.020921484272200534,
      0.04019454070862319,
      0.11953768630418495,
      0.07253914598263937,
      0.15334742609658986,
      -0.028122886630953414,
      -0.035516359207345236,
      0.15063836691429777,
      0.09414018517800066,
      0.006697286300417316,
      0.15841543095398508,
      -0.04814789824792644,
      0.08831715622521578
    ],
    [
      -0.12425026095401082,
      0.48400196284173186,
      -0.024551750277703375,
      0.25831322159372466,
      0.30629677551475587,
      1.0,
      -0.0166901164400423,
      0.030105969049030516,
      0.07711771485274252,
      -0.05918070423703581,
      0.286040597639441,
      0.21393803534148473,
      -0.03655621712846692,
      0.05519750178429692,
      -0.07353365906703808,
      -0.057307195205454124,
      0.18141351957216592,
      0.0955510034488236,
      0.0054238697596171075
    ],
    [
      -0.10325239663321845,
      -0.07381847623929033,
      0.01996464114547375,
      -0.1108611685403315,
      0.020921484272200534,
      -0.016690116440042303,
      1.0,
      0.3683451254430215,
      0.18304298548906903,
      0.29677643209105214,
      0.5206072239443764,
      0.08674503078550919,
      0.31917225974565383,
      0.30239558554911156,
      0.4247292685481301,
      0.32455481096941347,
      0.48639037624023523,
      0.44570976177686067,
      -0.051725382425268106
    ],
    [
      -0.1843439825097743,
      -0.11924338270438153,
      0.13041598951278774,
      0.1317511621770742,
      0.04019454070862319,
      0.030105969049030516,
      0.3683451254430215,
      1.0,
      0.6503130476480854,
      0.35785903012981307,
      0.7856603165721365,
      0.7509214971402688,
      0.7608800627865423,
      0.8106235970111505,
      0.8070878264847864,
      0.5677821955386445,
      0.6692084684419228,
      0.6321251166714674,
      0.652058940627465
    ],
    [
      -0.23989984202862505,
      -0.22270471295364289,
      0.4927229968293531,
      0.2864634525924694,
      0.11953768630418493,
      0.07711771485274252,
      0.18304298548906903,
      0.6503130476480854,
      1.0,
      0.1186015020177102,
      0.6796709842066998,
      0.24012485440457787,
      0.6399550576561139,
      0.7417142324159918,
      0.7652537101816317,
      0.7120820811174526,
      0.1722155155333327,
      0.3607790032132773,
      0.21550794962739925
    ],
    [
      0.0009433771603424102,
      -0.05766675242220675,
      0.033090283170045545,
      -0.13638696190502006,
      0.07253914598263937,
      -0.059180704237035815,
      0.29677643209105214,
      0.35785903012981307,
      0.11860150201771019,
      1.0,
      0.137842358474397,
      0.20279949468248853,
      0.2971043780333883,
      0.19864318962842392,
      0.36932622135864646,
      0.06623998073735388,
      0.5236735741924011,
      0.22547608018113977,
      0.19836939821334282
    ],
    [
      -0.18609828708556392,
      -0.14359233204854072,
      0.31870297763515465,
      0.11792567277816145,
      0.15334742609658988,
      0.286040597639441,
      0.5206072239443764,
      0.7856603165721364,
      0.6796709842066998,
      0.137842358474397,
      1.0,
      0.6277450291822124,
      0.5790499553902833,
      0.6850098811839298,
      0.7279839532069369,
      0.46444329619638935,
      0.5189519031130791,
      0.521670542028564,
      0.39231707059915233
    ],
    [
      -0.14145272237119982,
      0.05757357005666979,
      -0.07861240041092986,
      0.05452903152461381,
      -0.028122886630953414,
      0.21393803534148476,
      0.08674503078550919,
      0.7509214971402688,
      0.24012485440457784,
      0.20279949468248853,
      0.6277450291822124,
      1.0,
      0.39561326533380853,
      0.47620451210749926,
      0.462699102696708,
      0.08078335780938946,
      0.5203323791251336,
      0.368329043792539,
      0.7510839395664093
    ],
    [
      -0.19964173537675997,
      -0.1409753153378069,
      0.32179784362408204,
      0.3328936814264678,
      -0.035516359207345236,
      -0.03655621712846691,
      0.31917225974565383,
      0.7608800627865424,
      0.6399550576561139,
      0.2971043780333883,
      0.5790499553902833,
      0.3956132653338085,
      0.9999999999999998,
      0.795649867203036,
      0.624379185275195,
      0.6727217882725159,
      0.3777536297448352,
      0.6113951280801324,
      0.330040701685494
    ],
    [
      -0.20179271480701366,
      -0.21003508324471754,
      0.17773610887708716,
      0.17340604550986655,
      0.15063836691429777,
      0.055197501784296915,
      0.30239558554911156,
      0.8106235970111505,
      0.7417142324159919,
      0.19864318962842392,
      0.6850098811839298,
      0.47620451210749926,
      0.795649867203036,
      0.9999999999999999,
      0.6953591076836003,
      0.7644508038770681,
      0.2991480353895394,
      0.38731855450495534,
      0.30669380409443214
    ],
    [
      -0.19834862239068204,
      -0.23016275238305134,
      0.29337560516350836,
      0.07242766808069649,
      0.09414018517800066,
      -0.07353365906703808,
      0.42472926854813003,
      0.8070878264847864,
      0.7652537101816317,
      0.3693262213586465,
      0.7279839532069369,
      0.462699102696708,
      0.624379185275195,
      0.6953591076836003,
      0.9999999999999998,
      0.4991235347154937,
      0.5335877355501034,
      0.39958046419137694,
      0.4410720388894741
    ],
    [
      -0.15396001221570743,
      -0.23568747300254045,
      0.22707158021620236,
      0.4128326967681937,
      0.006697286300417317,
      -0.057307195205454124,
      0.32455481096941347,
      0.5677821955386445,
      0.7120820811174526,
      0.06623998073735386,
      0.4644432961963894,
      0.08078335780938946,
      0.6727217882725159,
      0.7644508038770681,
      0.4991235347154937,
      1.0,
      0.14236075978881968,
      0.4169499290216227,
      0.01415007713648378
    ],
    [
      -0.027988254409773147,
      0.08578998938598212,
      -0.1881120710279233,
      -0.09286423731674773,
      0.1584154309539851,
      0.18141351957216592,
      0.48639037624023523,
      0.6692084684419227,
      0.1722155155333327,
      0.5236735741924011,
      0.5189519031130791,
      0.5203323791251337,
      0.3777536297448352,
      0.2991480353895394,
      0.5335877355501034,
      0.14236075978881965,
      1.0,
      0.6168323169257021,
      0.5124258046770106
    ],
    [
      -0.14538039664140734,
      -0.0075144418221630765,
      0.18151500574807725,
      0.38670115331599325,
      -0.04814789824792644,
      0.0955510034488236,
      0.4457097617768607,
      0.6321251166714674,
      0.3607790032132773,
      0.22547608018113977,
      0.5216705420285639,
      0.368329043792539,
      0.6113951280801325,
      0.38731855450495534,
      0.39958046419137694,
      0.41694992902162265,
      0.6168323169257021,
      1.0,
      0.2459849450511539
    ],
    [
      -0.06751695517399106,
      0.12272089435977043,
      0.05368574892528433,
      -0.0994136797138849,
      0.08831715622521577,
      0.005423869759617108,
      -0.051725382425268106,
      0.6520589406274648,
      0.21550794962739925,
      0.19836939821334282,
      0.39231707059915233,
      0.7510839395664093,
      0.330040701685494,
      0.30669380409443214,
      0.44107203888947416,
      0.01415007713648378,
      0.5124258046770106,
      0.2459849450511539,
      1.0
    ]
  ]
}