{
  "dim_names": [
    "0_baseline",
    "10_animacy",
    "11_formality",
    "12_expertise",
    "13_helpfulness",
    "14_biological",
    "15_shapes",
    "16_mind",
    "17_attention",
    "18_sysprompt_labeled",
    "1_phenomenology",
    "2_emotions",
    "3_agency",
    "4_intentions",
    "5_prediction",
    "6_cognitive",
    "7_social",
    "8_embodiment",
    "9_roles"
  ],
  "correlation_matrix": [
    [
      1.0,
      -0.026524866066677415,
      -0.10394937769790749,
      -0.06673667875534146,
      0.004754143322569396,
      0.06005410396257547,
      -0.11425626982464272,
      -0.2488415887498679,
      -0.22376135552121007,
      0.015057685496433828,
      -0.10352220640528113,
      -0.18700377304514496,
      -0.2769528569162675,
      -0.25603100207459145,
      -0.25483139585875575,
      -0.07986611725448997,
      -0.11479558433682865,
      -0.13231600026428464,
      -0.1162810570243751
    ],
    [
      -0.026524866066677415,
      1.0,
      -0.13258966562091032,
      -0.08386136801755195,
      0.18962458211698585,
      0.5039664134698965,
      -0.05101373122074652,
      -0.08019777238262084,
      -0.010712267773868864,
      -0.07228125852011269,
      -0.10823020587815696,
      0.05155434575508296,
      0.01279723358417652,
      -0.10328014415446778,
      -0.004009040415968444,
      -0.12474462915603575,
      0.00969251755155968,
      -0.0713849809233194,
      0.10062143573154346
    ],
    [
      -0.10394937769790749,
      -0.13258966562091032,
      1.0,
      0.10637793807822703,
      -0.1903203713517694,
      0.007442083030022023,
      0.0070573015623546665,
      0.12509342569327392,
      0.23463958354164696,
      0.2164896036231401,
      0.26438312652874363,
      0.07840316707846903,
      0.013421886016905053,
      -0.009406217852869117,
      0.08869273160172277,
      0.17275796020248196,
      -0.06425178403872686,
      0.06744060139808548,
      -0.15335436048316436
    ],
    [
      -0.06673667875534146,
      -0.08386136801755195,
      0.10637793807822703,
      1.0,
      0.015583706445142386,
      0.11134502094796023,
      -0.016330384530897062,
      0.0032196735721944296,
      0.3222865790437918,
      0.041312584929003575,
      0.07876608208453052,
      -0.12127226274924764,
      0.07122702021637672,
      -0.013140814537652857,
      -0.02718803085868073,
      0.34197390230709906,
      -0.06164251427092046,
      0.4411037436643066,
      -0.3046003534314321
    ],
    [
      0.004754143322569396,
      0.18962458211698585,
      -0.1903203713517694,
      0.015583706445142386,
      1.0,
      0.4010568555676884,
      0.062439791437100066,
      0.06129145119355126,
      0.15702080665106685,
      -0.09344739452912124,
      0.18321964523973266,
      0.06909809120320916,
      0.0649828188652617,
      0.18567499270533794,
      0.09811374900874482,
      0.07811689311586845,
      0.26718529174375694,
      0.09544065362298651,
      -0.00030477726865102227
    ],
    [
      0.06005410396257547,
      0.5039664134698965,
      0.007442083030022022,
      0.11134502094796023,
      0.40105685556768844,
      1.0,
      -0.11307915000307171,
      -0.05843074739947735,
      -0.05905121606934578,
      -0.08840187943686889,
      0.0985910442887475,
      0.05642501404551257,
      0.11472221534297554,
      0.02501346605301959,
      -0.1838090325897502,
      -0.04455970491455883,
      0.25731600147230593,
      -0.011883751340988746,
      0.07786776947307528
    ],
    [
      -0.11425626982464274,
      -0.05101373122074652,
      0.0070573015623546665,
      -0.016330384530897062,
      0.06243979143710006,
      -0.11307915000307171,
      0.9999999999999999,
      0.5227955244746616,
      0.38972987412297866,
      0.06192622655082829,
      0.6949282610717975,
      0.23342844864469386,
      0.40304581376927956,
      0.5104968652437525,
      0.4312696011857793,
      0.645867092112241,
      0.42788929313762186,
      0.657945999093876,
      -0.041646112226347606
    ],
    [
      -0.24884158874986792,
      -0.08019777238262085,
      0.1250934256932739,
      0.0032196735721944296,
      0.06129145119355126,
      -0.05843074739947735,
      0.5227955244746616,
      0.9999999999999999,
      0.5525800120706136,
      0.0998646332051002,
      0.7144251452964119,
      0.789256776310594,
      0.7072452311808641,
      0.7757277594037635,
      0.7650382186628246,
      0.6548565523812004,
      0.4728356641429066,
      0.6179355279253772,
      0.46119577190795374
    ],
    [
      -0.22376135552121004,
      -0.010712267773868864,
      0.23463958354164696,
      0.3222865790437918,
      0.15702080665106685,
      -0.059051216069345776,
      0.3897298741229786,
      0.5525800120706137,
      1.0,
      -0.11568363005165525,
      0.5654937154861296,
      0.3472608589682763,
      0.49731009609726956,
      0.5174129064848288,
      0.6413426882222909,
      0.7234239929180097,
      0.07832713162997404,
      0.4918921948229211,
      -0.028628248781372614
    ],
    [
      0.015057685496433828,
      -0.0722812585201127,
      0.21648960362314013,
      0.041312584929003575,
      -0.09344739452912125,
      -0.08840187943686889,
      0.06192622655082829,
      0.0998646332051002,
      -0.11568363005165523,
      1.0,
      -0.0675118354596302,
      -0.09910510897131722,
      0.07348581720635647,
      -0.015060774781087095,
      0.10569635117962438,
      -0.028665867840214833,
      0.20348178464448893,
      0.017223101284944965,
      -0.006709297609981208
    ],
    [
      -0.10352220640528112,
      -0.10823020587815697,
      0.26438312652874363,
      0.07876608208453054,
      0.18321964523973266,
      0.0985910442887475,
      0.6949282610717974,
      0.7144251452964119,
      0.5654937154861296,
      -0.0675118354596302,
      1.0,
      0.5013844566068346,
      0.3724357031460417,
      0.6126760674101573,
      0.39973805146959324,
      0.7068602305903601,
      0.37912530164105046,
      0.7053228578921933,
      0.009035660599226334
    ],
    [
      -0.18700377304514496,
      0.05155434575508297,
      0.07840316707846903,
      -0.12127226274924766,
      0.06909809120320916,
      0.05642501404551257,
      0.23342844864469386,
      0.789256776310594,
      0.3472608589682763,
      -0.09910510897131722,
      0.5013844566068346,
      1.0,
      0.5226494886144153,
      0.5751956792850772,
      0.6366517525050867,
      0.3070386130866326,
      0.2517633653236227,
      0.2905407268502885,
      0.5364668281967407
    ],
    [
      -0.27695285691626753,
      0.01279723358417652,
      0.013421886016905051,
      0.07122702021637674,
      0.0649828188652617,
      0.11472221534297554,
      0.40304581376927956,
      0.7072452311808641,
      0.49731009609726956,
      0.07348581720635647,
      0.3724357031460417,
      0.5226494886144153,
      1.0,
      0.6533977608326696,
      0.6374774319931551,
      0.4255996703606374,
      0.5896665016380165,
      0.42587759264132546,
      0.5690771588370427
    ],
    [
      -0.25603100207459145,
      -0.10328014415446776,
      -0.009406217852869117,
      -0.013140814537652859,
      0.18567499270533794,
      0.02501346605301959,
      0.5104968652437525,
      0.7757277594037634,
      0.5174129064848288,
      -0.015060774781087095,
      0.6126760674101573,
      0.5751956792850772,
      0.6533977608326696,
      1.0,
      0.6724447164202263,
      0.6621626736693712,
      0.35876862919622754,
      0.44866821134006185,
      0.3105835018290161
    ],
    [
      -0.25483139585875575,
      -0.004009040415968444,
      0.08869273160172277,
      -0.027188030858680726,
      0.09811374900874482,
      -0.18380903258975023,
      0.43126960118577923,
      0.7650382186628246,
      0.6413426882222909,
      0.10569635117962439,
      0.39973805146959324,
      0.6366517525050868,
      0.6374774319931551,
      0.6724447164202262,
      1.0,
      0.5286470604269523,
      0.407448782190429,
      0.3351498799001325,
      0.3182372918719399
    ],
    [
      -0.07986611725448997,
      -0.12474462915603575,
      0.17275796020248196,
      0.34197390230709906,
      0.07811689311586843,
      -0.04455970491455884,
      0.645867092112241,
      0.6548565523812006,
      0.7234239929180097,
      -0.028665867840214833,
      0.7068602305903601,
      0.3070386130866326,
      0.4255996703606374,
      0.6621626736693712,
      0.5286470604269523,
      1.0,
      0.21782140549857726,
      0.6709332415427406,
      -0.16823219000193118
    ],
    [
      -0.11479558433682865,
      0.009692517551559681,
      -0.06425178403872686,
      -0.06164251427092046,
      0.26718529174375694,
      0.2573160014723059,
      0.4278892931376219,
      0.4728356641429066,
      0.07832713162997403,
      0.20348178464448896,
      0.3791253016410505,
      0.2517633653236227,
      0.5896665016380165,
      0.35876862919622754,
      0.40744878219042907,
      0.21782140549857726,
      1.0,
      0.38661714022473304,
      0.2827934986859681
    ],
    [
      -0.13231600026428464,
      -0.0713849809233194,
      0.06744060139808548,
      0.4411037436643066,
      0.0954406536229865,
      -0.011883751340988747,
      0.6579459990938761,
      0.6179355279253772,
      0.4918921948229212,
      0.017223101284944965,
      0.7053228578921933,
      0.2905407268502885,
      0.42587759264132546,
      0.44866821134006185,
      0.3351498799001325,
      0.6709332415427406,
      0.386617140224733,
      1.0,
      -0.0279738404217196
    ],
    [
      -0.11628105702437512,
      0.10062143573154346,
      -0.15335436048316434,
      -0.3046003534314321,
      -0.00030477726865102227,
      0.07786776947307528,
      -0.041646112226347606,
      0.4611957719079538,
      -0.028628248781372614,
      -0.006709297609981207,
      0.009035660599226336,
      0.5364668281967409,
      0.5690771588370428,
      0.3105835018290161,
      0.31823729187193994,
      -0.16823219000193118,
      0.2827934986859681,
      -0.0279738404217196,
      1.0
    ]
  ]
}