{
  "dim_names": [
    "0_baseline",
    "10_animacy",
    "11_formality",
    "12_expertise",
    "13_helpfulness",
    "14_biological",
    "15_shapes",
    "16_mind",
    "17_attention",
    "18_sysprompt_labeled",
    "1_phenomenology",
    "2_emotions",
    "3_agency",
    "4_intentions",
    "5_prediction",
    "6_cognitive",
    "7_social",
    "8_embodiment",
    "9_roles"
  ],
  "correlation_matrix": [
    [
      0.9999999999999998,
      0.5498012802945812,
      0.08598959005995573,
      -0.01568265627556104,
      -0.08886363533145998,
      0.7858665831736514,
      -0.060167948572134,
      0.5592136049948774,
      0.25235851469231596,
      0.26619366538373573,
      0.43915451300616093,
      0.4079512582915516,
      0.4235484801866497,
      0.1855291520713249,
      0.4074688452795031,
      0.13900607141945545,
      0.2757733321599503,
      0.6148005977745489,
      0.6277261663372393
    ],
    [
      0.5498012802945812,
      1.0,
      -0.022885799194822788,
      0.06680363490110415,
      0.0035493372444248355,
      0.5596363808336078,
      -0.058320018715870385,
      0.28948800040038025,
      0.08788682394097415,
      -0.026776408936142224,
      0.266988213385822,
      0.235294485893757,
      0.12255763012204406,
      0.003197712783057748,
      0.13518699462744252,
      -0.004700274255048417,
      0.05762705496964635,
      0.3121914482727439,
      0.5424672074697255
    ],
    [
      0.08598959005995573,
      -0.022885799194822788,
      0.9999999999999999,
      0.027853753628807182,
      -0.17975582411758134,
      -0.09104749667705195,
      0.012682307649873055,
      0.0857035156091426,
      0.18853520992337314,
      -0.0031351066841582326,
      0.23507100480763016,
      -0.007974062498250658,
      0.08017892313907926,
      0.047064984946583274,
      -0.04458724319863231,
      0.20912805982332663,
      -0.041527233307086034,
      0.10578599739008171,
      0.017613605826028018
    ],
    [
      -0.01568265627556104,
      0.06680363490110414,
      0.027853753628807185,
      1.0,
      0.0021666312277389722,
      0.03385704441852214,
      -0.04485452003322759,
      -0.016207911208740083,
      0.21736573009374413,
      0.03833434810422357,
      0.01708113193002976,
      0.04888627253035099,
      -0.04871062914653781,
      -0.08092380640452841,
      0.006613407225864778,
      0.18941144855537612,
      -0.12466952511744628,
      0.16645827768825977,
      -0.06577770218768239
    ],
    [
      -0.08886363533145998,
      0.0035493372444248355,
      -0.17975582411758134,
      0.0021666312277389722,
      0.9999999999999998,
      0.09874672343410114,
      0.02025970697572305,
      -0.22002563889172577,
      -0.11501692373076927,
      -0.16054430607939446,
      -0.14640048150743498,
      -0.17992069528524868,
      -0.22883341388217165,
      -0.15192579774748383,
      -0.13866259721460372,
      -0.1236525623642187,
      0.1474017052323916,
      -0.12911166917979452,
      -0.3164917433655576
    ],
    [
      0.7858665831736514,
      0.5596363808336078,
      -0.09104749667705195,
      0.03385704441852214,
      0.09874672343410112,
      0.9999999999999998,
      -0.07762823400685118,
      0.4897494174537265,
      0.2680294832018646,
      0.057753104938949404,
      0.43131431701324396,
      0.3840935367719737,
      0.3860701210571603,
      0.17284214071363113,
      0.38830877048118606,
      0.07166149951354231,
      0.37025038337048904,
      0.5720027654750501,
      0.5037205940600815
    ],
    [
      -0.060167948572134,
      -0.05832001871587038,
      0.012682307649873057,
      -0.04485452003322758,
      0.02025970697572305,
      -0.07762823400685118,
      0.9999999999999999,
      0.4556755410506345,
      0.4297278237804065,
      0.2090734079356687,
      0.6203463958460076,
      0.4375163832837381,
      0.4399020785528876,
      0.5065190632454366,
      0.4597590589565397,
      0.6957137761181172,
      0.5865910208645823,
      0.5075487270463824,
      0.16909844499343415
    ],
    [
      0.5592136049948774,
      0.28948800040038025,
      0.0857035156091426,
      -0.01620791120874008,
      -0.22002563889172574,
      0.4897494174537265,
      0.4556755410506345,
      0.9999999999999998,
      0.711069574498937,
      0.16571813792028486,
      0.8500324504691097,
      0.8736578801412623,
      0.8831702733033735,
      0.8273449089714988,
      0.8677313078744648,
      0.7522475472831979,
      0.5570362823405879,
      0.8650380329022939,
      0.7600468583701997
    ],
    [
      0.25235851469231596,
      0.08788682394097413,
      0.18853520992337314,
      0.21736573009374413,
      -0.11501692373076926,
      0.26802948320186465,
      0.42972782378040647,
      0.711069574498937,
      1.0,
      -0.009358322779349434,
      0.674564329946823,
      0.5597247126383524,
      0.7472907233140068,
      0.6788747649521065,
      0.7408710581199202,
      0.8176516710887332,
      0.3436663930604695,
      0.6809013167587935,
      0.3647815129667181
    ],
    [
      0.26619366538373573,
      -0.026776408936142224,
      -0.003135106684158232,
      0.03833434810422357,
      -0.16054430607939446,
      0.057753104938949404,
      0.2090734079356687,
      0.16571813792028486,
      -0.009358322779349434,
      1.0,
      0.19621017649217842,
      0.12352726761520472,
      0.1010592557447203,
      0.17681338006179223,
      0.09339787136614087,
      0.11582992749670358,
      0.17480360970866737,
      0.1392521406231371,
      0.20967776561559828
    ],
    [
      0.439154513006161,
      0.266988213385822,
      0.23507100480763013,
      0.01708113193002976,
      -0.14640048150743498,
      0.43131431701324396,
      0.6203463958460075,
      0.8500324504691096,
      0.674564329946823,
      0.19621017649217842,
      1.0,
      0.776808951744736,
      0.7794883211288285,
      0.6970303454697938,
      0.629794804159086,
      0.6984392466723643,
      0.6162824289214359,
      0.8495016458484115,
      0.6220536420737987
    ],
    [
      0.4079512582915516,
      0.23529448589375704,
      -0.007974062498250657,
      0.048886272530350994,
      -0.17992069528524868,
      0.3840935367719738,
      0.4375163832837381,
      0.8736578801412623,
      0.5597247126383524,
      0.12352726761520472,
      0.776808951744736,
      1.0,
      0.7590691034891613,
      0.7827535668862342,
      0.7900532800612996,
      0.6091988245602152,
      0.4505966316298617,
      0.6625687370245421,
      0.726061778442527
    ],
    [
      0.4235484801866497,
      0.12255763012204407,
      0.08017892313907926,
      -0.0487106291465378,
      -0.22883341388217163,
      0.3860701210571604,
      0.4399020785528876,
      0.8831702733033735,
      0.7472907233140068,
      0.10105925574472029,
      0.7794883211288284,
      0.7590691034891615,
      1.0,
      0.888782288856104,
      0.796997148870538,
      0.7284094516445394,
      0.5554916236299318,
      0.7720542653710101,
      0.6906013621637997
    ],
    [
      0.1855291520713249,
      0.003197712783057748,
      0.047064984946583274,
      -0.08092380640452841,
      -0.15192579774748383,
      0.17284214071363113,
      0.5065190632454365,
      0.8273449089714987,
      0.6788747649521065,
      0.17681338006179223,
      0.6970303454697938,
      0.7827535668862342,
      0.8887822888561041,
      1.0,
      0.8132895049063169,
      0.7563076167228201,
      0.478408882723637,
      0.5902227032602311,
      0.5992813300886483
    ],
    [
      0.40746884527950317,
      0.13518699462744252,
      -0.04458724319863231,
      0.006613407225864778,
      -0.1386625972146037,
      0.3883087704811861,
      0.4597590589565397,
      0.8677313078744647,
      0.7408710581199202,
      0.09339787136614087,
      0.629794804159086,
      0.7900532800612997,
      0.796997148870538,
      0.8132895049063168,
      1.0,
      0.7288569880658397,
      0.5024797676435122,
      0.6975341401574713,
      0.573964384234748
    ],
    [
      0.13900607141945545,
      -0.004700274255048417,
      0.20912805982332663,
      0.1894114485553761,
      -0.12365256236421869,
      0.07166149951354232,
      0.6957137761181174,
      0.7522475472831978,
      0.8176516710887333,
      0.11582992749670358,
      0.6984392466723643,
      0.6091988245602151,
      0.7284094516445394,
      0.7563076167228201,
      0.7288569880658397,
      1.0,
      0.5086769034837636,
      0.6766122929819147,
      0.36196855834783664
    ],
    [
      0.2757733321599503,
      0.057627054969646346,
      -0.041527233307086034,
      -0.12466952511744628,
      0.1474017052323916,
      0.37025038337048904,
      0.5865910208645823,
      0.557036282340588,
      0.3436663930604695,
      0.17480360970866737,
      0.616282428921436,
      0.45059663162986163,
      0.5554916236299318,
      0.47840888272363713,
      0.5024797676435122,
      0.5086769034837636,
      1.0,
      0.57710583115805,
      0.27605899299327374
    ],
    [
      0.6148005977745489,
      0.3121914482727439,
      0.10578599739008172,
      0.16645827768825974,
      -0.12911166917979452,
      0.57200276547505,
      0.5075487270463824,
      0.8650380329022939,
      0.6809013167587936,
      0.1392521406231371,
      0.8495016458484113,
      0.6625687370245421,
      0.7720542653710101,
      0.590222703260231,
      0.6975341401574713,
      0.6766122929819147,
      0.57710583115805,
      1.0,
      0.5699677829021057
    ],
    [
      0.6277261663372393,
      0.5424672074697255,
      0.017613605826028018,
      -0.06577770218768238,
      -0.3164917433655576,
      0.5037205940600815,
      0.16909844499343415,
      0.7600468583701997,
      0.3647815129667181,
      0.2096777656155983,
      0.6220536420737987,
      0.726061778442527,
      0.6906013621637996,
      0.5992813300886483,
      0.573964384234748,
      0.36196855834783664,
      0.2760589929932738,
      0.5699677829021057,
      1.0
    ]
  ]
}